#Total_Obs_CSFR: total observed cosmic star formation rate (Msun/yr/Mpc^3)
#Total_Obs_CSFR_UV: total observed cosmic star formation rate (Msun/yr/Mpc^3) for galaxies with M_1500 < -17
#True_CSFR: total true cosmic star formation rate (Msun/yr/Mpc^3)
#Scale Total_Obs_CSFR Err+ Err- Total_Obs_CSFR_UV Err+ Err- True_CSFR Err+ Err-
0.055623 4.60153e-10 1.10128e-06 4.60128e-10 0 9.34959e-07 0 4.84423e-10 1.13229e-06 4.84389e-10
0.060123 7.00236e-07 1.05517e-05 6.88704e-07 1.09875e-08 9.56014e-06 1.09875e-08 7.36945e-07 1.08329e-05 7.24959e-07
0.062373 4.56456e-06 2.42922e-05 4.32398e-06 9.48095e-07 2.19198e-05 9.48095e-07 4.80313e-06 2.50084e-05 4.52847e-06
0.064623 1.43378e-05 3.85251e-05 1.26235e-05 5.97727e-06 4.03293e-05 5.97727e-06 1.50849e-05 4.50917e-05 1.35286e-05
0.066873 3.59863e-05 4.82338e-05 3.08443e-05 2.15736e-05 5.21238e-05 2.13776e-05 3.78556e-05 5.75442e-05 3.26219e-05
0.069123 7.51208e-05 6.0201e-05 6.01835e-05 5.3211e-05 5.95241e-05 5.11788e-05 7.9011e-05 6.2535e-05 6.4023e-05
0.071373 0.00012819 7.4305e-05 9.53274e-05 9.51774e-05 7.15796e-05 8.69822e-05 0.000134808 7.25603e-05 0.00010239
0.073623 0.000193619 0.000106709 0.000127011 0.000143205 9.51882e-05 0.000118412 0.000203584 9.7929e-05 0.000134975
0.075873 0.000276998 0.000143926 0.0001611 0.000202691 0.000131059 0.00015029 0.00029121 0.000150338 0.00017182
0.078123 0.000383522 0.000189924 0.000192236 0.000277778 0.000184275 0.000189763 0.000403146 0.000213944 0.000217544
0.080373 0.000495348 0.000225003 0.000218487 0.000348472 0.000225186 0.000204821 0.000520606 0.000285323 0.00025798
0.082623 0.000596426 0.000266767 0.000276519 0.00041791 0.00023984 0.000220401 0.000626744 0.000294816 0.000290281
0.085998 0.000888249 0.000386194 0.00036639 0.000599019 0.000326572 0.000294581 0.000933194 0.000409491 0.000399089
0.089373 0.00120631 0.000497597 0.000411427 0.000795751 0.000401634 0.000341466 0.00126709 0.000560032 0.000465539
0.092748 0.0015888 0.000662906 0.000430503 0.00102772 0.000500497 0.00038477 0.00166848 0.000730882 0.000524965
0.096123 0.002046 0.000775423 0.00050248 0.00131436 0.000583355 0.000417455 0.00214807 0.000943161 0.000638267
0.099498 0.00257428 0.000939875 0.000618628 0.00164163 0.000692313 0.000434894 0.00270219 0.00103497 0.000722605
0.102873 0.00315783 0.00112836 0.000672178 0.00201676 0.000794998 0.000481972 0.00331408 0.00114673 0.000803736
0.106248 0.00377492 0.00133256 0.000779665 0.00241538 0.000901395 0.000503991 0.00396072 0.00130464 0.000932002
0.109623 0.00447205 0.00151044 0.000844715 0.00289348 0.00105166 0.00055345 0.00469124 0.00142658 0.000946521
0.112998 0.00513985 0.00158608 0.000905113 0.00336507 0.00107417 0.000592532 0.00538982 0.00146707 0.000929258
0.116373 0.00580601 0.00157346 0.00097635 0.00387494 0.00109462 0.000697339 0.00608759 0.00150116 0.000992196
0.119748 0.00649387 0.00174006 0.00101776 0.00442403 0.00115318 0.00073235 0.00680782 0.00158216 0.00105613
0.123123 0.00720577 0.00190572 0.0010666 0.00501042 0.00113505 0.000768654 0.00755265 0.00150622 0.00108071
0.126498 0.00793799 0.00196215 0.00112406 0.00561259 0.0011847 0.000808481 0.00831888 0.00161567 0.00108691
0.129873 0.00869481 0.00202518 0.00119191 0.0062445 0.00124745 0.0008484 0.00910921 0.00171077 0.00124017
0.133248 0.00947638 0.00217869 0.00127623 0.00690844 0.00126848 0.000933193 0.0099263 0.0017932 0.00135999
0.136623 0.0102548 0.00224461 0.00132314 0.00775859 0.00130252 0.00108443 0.0107385 0.00182622 0.00139384
0.141685 0.011491 0.00218581 0.00142284 0.00868419 0.00115099 0.00113492 0.0120286 0.00182454 0.00161833
0.146748 0.0127573 0.00207653 0.00159828 0.00983281 0.00105876 0.0012121 0.0133454 0.00181266 0.00179078
0.15181 0.0140032 0.0018578 0.00173876 0.0109873 0.0010635 0.00132862 0.0146342 0.00199943 0.00205059
0.156873 0.0152909 0.00181624 0.00181317 0.0122062 0.00093699 0.00147088 0.0159549 0.00187705 0.00232682
0.161935 0.0166687 0.00160819 0.00193288 0.0135413 0.000824204 0.00165117 0.017349 0.00166394 0.00259839
0.166998 0.0180708 0.00161095 0.00198706 0.0149122 0.00065 0.00186368 0.0187353 0.00175507 0.00284136
0.17206 0.0195875 0.00133279 0.00210907 0.0164407 0.000478621 0.00200444 0.0201903 0.00168218 0.00312902
0.177123 0.0211519 0.00108762 0.00215897 0.0180289 0.000451987 0.00215957 0.021624 0.00163982 0.00337969
0.182185 0.0227981 0.000837254 0.00234607 0.019694 0.000436323 0.00236196 0.0230495 0.00191021 0.00376081
0.187248 0.0245128 0.00078926 0.00254816 0.0214314 0.000415382 0.00237374 0.0244329 0.00203019 0.004125
0.19231 0.0264207 0.000640526 0.00265002 0.0233429 0.000425379 0.00247494 0.0258712 0.00222335 0.00435847
0.197373 0.0285302 0.000644571 0.00260584 0.0254538 0.000549333 0.00260365 0.0273499 0.00242962 0.00461458
0.202435 0.0305993 0.000761569 0.00253391 0.027512 0.000680013 0.00261889 0.0286135 0.00248767 0.0048267
0.207498 0.0328131 0.00085606 0.00257901 0.029699 0.000808503 0.00257604 0.0298339 0.00274773 0.00501682
0.21256 0.0356512 0.00110721 0.00257551 0.0325003 0.000930663 0.00265658 0.0314257 0.00298031 0.00515369
0.217623 0.0385905 0.00133406 0.00258958 0.0353951 0.00128566 0.00270931 0.0328931 0.00348152 0.00558519
0.222685 0.041567 0.00160239 0.00266156 0.0383466 0.0017147 0.00273361 0.034199 0.00382788 0.00559408
0.227748 0.0448289 0.00196202 0.00261743 0.0415621 0.0021239 0.00280736 0.035546 0.00452229 0.00577824
0.23281 0.0484221 0.00245363 0.00250887 0.0450974 0.00250695 0.00272192 0.036979 0.00507586 0.00600235
0.237873 0.0519423 0.00290665 0.00256233 0.0485578 0.00289794 0.00278039 0.0381965 0.00535708 0.00603941
0.242935 0.0560486 0.00337315 0.00257353 0.0526024 0.00341531 0.00268096 0.0397027 0.00574207 0.00603698
0.247998 0.0600268 0.00383571 0.00273537 0.0564999 0.00383449 0.00278315 0.0409877 0.00633803 0.00604107
0.25306 0.0639634 0.00435484 0.00302891 0.0603696 0.00432536 0.0030724 0.0421591 0.00679203 0.00618295
0.258123 0.0682099 0.00488854 0.00341005 0.0645425 0.00499616 0.00334136 0.0434625 0.00694468 0.00616596
0.263185 0.0725626 0.00551384 0.00386822 0.0688317 0.00541275 0.00368716 0.0447953 0.00679714 0.00625114
0.268248 0.0770502 0.00604607 0.00436719 0.0732622 0.00607415 0.00404699 0.0461714 0.00670408 0.00628183
0.27331 0.0819007 0.00645488 0.0046414 0.0780522 0.00666603 0.00439269 0.0477631 0.00680418 0.00643688
0.278373 0.0862473 0.00724417 0.0047317 0.0823458 0.00698451 0.00477157 0.0490593 0.00722207 0.0065701
0.283435 0.0905584 0.00750437 0.00554351 0.086589 0.00739631 0.00531714 0.050374 0.00726599 0.00668527
0.288498 0.0951604 0.00748268 0.00587258 0.0911495 0.00749848 0.00616746 0.0518932 0.00734038 0.00694913
0.29356 0.0994629 0.00763606 0.00638156 0.0954127 0.00755839 0.00625263 0.0533123 0.00746427 0.00714456
0.298623 0.10338 0.00748218 0.0066796 0.0992955 0.00756592 0.00666814 0.0545925 0.00761114 0.00744463
0.303685 0.106999 0.00772758 0.00750404 0.102888 0.00730806 0.00719689 0.0557924 0.00738239 0.00765965
0.308748 0.110264 0.00779423 0.00803379 0.106134 0.00744627 0.007845 0.0569202 0.00752358 0.00802201
0.31381 0.113756 0.00792383 0.00871381 0.109616 0.00757221 0.00828156 0.0582455 0.00775263 0.0084366
0.318873 0.116975 0.00784579 0.00928908 0.112829 0.0075273 0.00878082 0.0595332 0.00765241 0.00898043
0.323935 0.119374 0.00756017 0.00920914 0.115226 0.0073605 0.00908015 0.0604956 0.00742919 0.00917716
0.328997 0.122278 0.00711252 0.00961103 0.118135 0.00691727 0.00955417 0.0618117 0.00725585 0.00949436
0.33406 0.124237 0.00663597 0.00977648 0.120102 0.00655267 0.00974265 0.062749 0.0070787 0.00986571
0.339122 0.125985 0.00613713 0.0100327 0.121867 0.00598457 0.0100027 0.0636693 0.00694234 0.0101712
0.344185 0.1278 0.0056772 0.0103882 0.123693 0.00568149 0.0105551 0.064714 0.00683776 0.0104906
0.349247 0.128965 0.00554701 0.0109304 0.124873 0.00557399 0.0109201 0.0655078 0.00710662 0.0106793
0.35431 0.129384 0.00496304 0.0111183 0.1253 0.00488069 0.0110837 0.065998 0.00715327 0.0109713
0.359372 0.129665 0.00431408 0.0109681 0.125608 0.00427835 0.0110731 0.0664839 0.00690644 0.0113057
0.364435 0.130025 0.00390892 0.0111302 0.125995 0.00387376 0.0107026 0.0670752 0.00665092 0.0116217
0.369497 0.129825 0.00391922 0.0105324 0.125814 0.0036207 0.0104229 0.0674207 0.0063941 0.0117887
0.37456 0.129224 0.00352771 0.0105124 0.125248 0.00343906 0.0103243 0.0676133 0.00610548 0.0118601
0.379622 0.128907 0.0031581 0.0103115 0.124962 0.0029314 0.010313 0.0679976 0.00601274 0.0119267
0.384685 0.127807 0.00277138 0.0103528 0.123892 0.00250813 0.0104372 0.0679833 0.0058496 0.0120439
0.389747 0.127198 0.00283917 0.0105851 0.123314 0.00245218 0.0106548 0.0682701 0.00595809 0.0122268
0.39481 0.12584 0.00276674 0.0101983 0.121988 0.00236479 0.0102561 0.0681665 0.00619558 0.0124442
0.399872 0.124662 0.00235496 0.00979391 0.120836 0.00231288 0.00975738 0.0681811 0.00598556 0.0128129
0.404935 0.122937 0.0024421 0.00949234 0.119142 0.00238295 0.00954381 0.0678995 0.00585163 0.0129448
0.409997 0.121043 0.00245297 0.00905973 0.117282 0.00234977 0.00892546 0.0675232 0.00571241 0.0128066
0.41506 0.119221 0.0021128 0.00881794 0.115489 0.00214642 0.00886536 0.0671678 0.00557931 0.0126929
0.420122 0.117365 0.00203717 0.00857302 0.113668 0.00193261 0.00842496 0.0667993 0.00569626 0.0125595
0.425185 0.115453 0.00200657 0.00807538 0.111781 0.00204196 0.00793448 0.0663892 0.00616914 0.0124026
0.430247 0.113761 0.00211856 0.00771446 0.110116 0.00196339 0.00760873 0.0660961 0.00656127 0.0121927
0.43531 0.111489 0.00213899 0.00723711 0.107878 0.0019745 0.00730666 0.0654284 0.00682012 0.0121267
0.440372 0.109471 0.00211873 0.00681923 0.105889 0.00189413 0.0069101 0.0649029 0.00657234 0.0120825
0.445435 0.107166 0.00199098 0.00644744 0.103612 0.00200194 0.00649705 0.0641759 0.00650868 0.011875
0.450497 0.104784 0.00200976 0.00608253 0.101261 0.00215102 0.00618198 0.0633838 0.00665006 0.011777
0.45556 0.102502 0.00209596 0.00582854 0.0990012 0.00227666 0.00570281 0.0626193 0.00666977 0.0117518
0.460622 0.100308 0.00225082 0.00547674 0.0968344 0.00237937 0.00548408 0.0618809 0.00673543 0.0114779
0.465685 0.0978183 0.00234326 0.00528993 0.0943733 0.00241553 0.00518054 0.0609301 0.00693178 0.0111985
0.470747 0.0955193 0.00231138 0.00506894 0.0920978 0.00248352 0.00500813 0.060063 0.00711 0.0110296
0.47581 0.0933418 0.00251909 0.00467863 0.089948 0.00261194 0.00464271 0.059247 0.00737522 0.0107816
0.480872 0.0910265 0.0026334 0.00434141 0.0876591 0.00278825 0.0044408 0.0583081 0.00746643 0.0104959
0.485935 0.0890223 0.00290167 0.00408305 0.0856766 0.00287355 0.00432785 0.0575009 0.00754074 0.0102468
0.490997 0.0866207 0.00318248 0.00391428 0.0832981 0.00304473 0.003905 0.0564834 0.00757019 0.00995276
0.49606 0.0843424 0.00329439 0.00379352 0.0810379 0.00336194 0.00371767 0.055483 0.00758215 0.00964846
0.501122 0.0821523 0.00337288 0.0036702 0.0788672 0.00337366 0.0037052 0.0544928 0.0076666 0.00934144
0.506185 0.0800426 0.00348785 0.00334257 0.0767794 0.00340931 0.00340433 0.0535498 0.00769105 0.00904816
0.511247 0.0779338 0.00352339 0.00307138 0.0746885 0.00347367 0.00310931 0.05256 0.00764336 0.00875076
0.51631 0.0758121 0.0034709 0.00291934 0.0725849 0.00355978 0.00288456 0.0515356 0.00769217 0.00844601
0.521372 0.0738238 0.00357414 0.00260595 0.0706074 0.00354006 0.00262064 0.0505815 0.0076279 0.00821726
0.526435 0.0718889 0.00361359 0.00237507 0.0686904 0.00370297 0.00233009 0.0496326 0.00750627 0.0079927
0.531497 0.0700673 0.00359103 0.00213633 0.0668878 0.00373198 0.00208054 0.0486834 0.00737921 0.00779426
0.53656 0.0681214 0.00365834 0.0017731 0.0649584 0.00381347 0.00176712 0.0477289 0.0072902 0.0076181
0.541622 0.0663935 0.00365822 0.00165537 0.0632432 0.00379251 0.00173275 0.0468432 0.00721014 0.00741104
0.546685 0.0645582 0.00371251 0.00157275 0.0614306 0.00385776 0.0015002 0.0458667 0.007115 0.00725367
0.551747 0.0627886 0.00383464 0.00140034 0.0596738 0.00379008 0.00129553 0.0449103 0.00701044 0.00707374
0.55681 0.0610759 0.00389616 0.00126635 0.057977 0.00384903 0.00117257 0.0439678 0.00705661 0.00692073
0.561872 0.0594858 0.00398089 0.00108295 0.0563994 0.00392526 0.00112216 0.0431025 0.00711415 0.00677594
0.566935 0.0578759 0.00400426 0.00102387 0.0548033 0.00385608 0.00110866 0.0421956 0.00698966 0.00659001
0.571997 0.0564454 0.00396289 0.000958962 0.053374 0.0039056 0.00109654 0.0414047 0.00705962 0.00633617
0.57706 0.0549571 0.00390233 0.000972334 0.0518912 0.00385428 0.00106276 0.0405507 0.00709811 0.00622204
0.582123 0.0535575 0.00389805 0.00091377 0.0505002 0.00386729 0.0010477 0.0397435 0.00690173 0.00615768
0.587185 0.0521154 0.00385599 0.000867259 0.0490693 0.00373087 0.000944096 0.0388967 0.00675765 0.00609564
0.592248 0.0508156 0.00383543 0.000809781 0.0477807 0.00374251 0.000887035 0.0381293 0.00666855 0.00602902
0.59731 0.0494718 0.00373632 0.000831283 0.0464508 0.00374204 0.000881929 0.037321 0.00641289 0.00596787
0.602373 0.0482805 0.00363 0.000737315 0.0452646 0.00372938 0.000847135 0.036612 0.00637407 0.00591788
0.607435 0.0470791 0.00359319 0.000745184 0.0440732 0.00361922 0.000788012 0.0358754 0.00625605 0.00583697
0.612498 0.0458725 0.00351001 0.000719144 0.0428721 0.00349195 0.000818346 0.0351328 0.00605919 0.00578478
0.61756 0.0447043 0.00349921 0.000718615 0.0417133 0.00347755 0.000792369 0.0344009 0.0058841 0.00572673
0.622623 0.0436025 0.00346188 0.000701571 0.0406173 0.00347074 0.000837317 0.0337043 0.00578019 0.00566663
0.627685 0.0424047 0.00332918 0.00065951 0.0394298 0.00350537 0.000802008 0.0329335 0.00567984 0.00559734
0.632748 0.0413951 0.00333501 0.000670233 0.0384248 0.00345202 0.000795583 0.0322925 0.00545543 0.00553935
0.63781 0.0407891 0.00316226 0.000851839 0.0378232 0.00320445 0.000979378 0.0316821 0.00523101 0.00546277
0.642873 0.0394591 0.00322319 0.000607762 0.0365015 0.00328031 0.000723128 0.0310412 0.00512734 0.00535911
0.647935 0.038498 0.0031784 0.000621946 0.0355454 0.00323519 0.000702076 0.030409 0.00495962 0.0052489
0.652998 0.0375586 0.00313846 0.000628766 0.0346182 0.00316693 0.000761368 0.0297856 0.00480169 0.00515425
0.65806 0.0367403 0.00309773 0.000642807 0.0338016 0.00310164 0.00075681 0.0292496 0.00464876 0.00506155
0.663123 0.0358638 0.00299202 0.000668996 0.0329313 0.00293253 0.000800315 0.0286458 0.00448538 0.00497244
0.668185 0.0351051 0.0028883 0.000675521 0.0321757 0.00284257 0.000826232 0.0281565 0.00432934 0.0048961
0.673248 0.0342153 0.00275454 0.000743154 0.031294 0.00275423 0.000825887 0.0275382 0.0041793 0.00480494
0.67831 0.0334832 0.0026821 0.000769702 0.0305646 0.00270944 0.000825588 0.0270411 0.00404831 0.00472142
0.683373 0.0327282 0.00259442 0.000761625 0.0301265 0.00268188 0.000881992 0.026522 0.00389375 0.00464495
0.690967 0.0317006 0.00245332 0.000850461 0.028779 0.00251328 0.00092156 0.0258187 0.00368081 0.004497
0.69856 0.0306807 0.00231051 0.000900332 0.0277643 0.0023136 0.000880586 0.0251057 0.00346975 0.00439823
0.706154 0.0296556 0.00214322 0.00093046 0.0267432 0.00223776 0.000917289 0.0243645 0.00329079 0.0042851
0.713748 0.0287334 0.00206725 0.000915679 0.0258267 0.00216626 0.00093174 0.0237205 0.00314965 0.00426445
0.721342 0.0278407 0.00201725 0.000936039 0.0249369 0.00200789 0.000976593 0.023079 0.00307271 0.00420592
0.728935 0.0269819 0.00191119 0.000993027 0.0240814 0.00193291 0.00100993 0.0224564 0.00298046 0.00414239
0.736529 0.0261716 0.001829 0.000997524 0.0232711 0.00178811 0.00104871 0.0218654 0.00288276 0.00407713
0.744123 0.0253453 0.00175477 0.000969736 0.0224507 0.00162781 0.00108272 0.0212531 0.00271672 0.00401988
0.751717 0.0245757 0.00164861 0.000959309 0.0216829 0.00153435 0.00111449 0.0206802 0.00254467 0.0039789
0.75931 0.023884 0.00157538 0.000987465 0.0209965 0.00141701 0.00117424 0.0201667 0.0023298 0.00393775
0.766904 0.0232085 0.00147161 0.00104508 0.0203248 0.00134985 0.00124273 0.0196607 0.00211101 0.00390594
0.774498 0.0225631 0.00135751 0.00108574 0.0196827 0.0012471 0.00122479 0.0191746 0.00206114 0.00398932
0.782092 0.0219319 0.00124313 0.00106698 0.019058 0.00109825 0.00127513 0.018691 0.00183224 0.00392377
0.789685 0.021307 0.00113039 0.0010438 0.0184368 0.000952371 0.00133783 0.0182132 0.00170643 0.00391393
0.797279 0.0207434 0.00107593 0.00109541 0.017873 0.00086119 0.00139147 0.0177813 0.00154579 0.00394188
0.804873 0.0201992 0.0010058 0.00109512 0.017334 0.000806606 0.00140356 0.0173615 0.00137748 0.00405557
0.812467 0.0196646 0.000966593 0.00113962 0.0168035 0.000730802 0.00143764 0.0169453 0.00120871 0.0040387
0.82006 0.0191406 0.000976393 0.00121095 0.0162838 0.000633282 0.00145758 0.0165349 0.00100968 0.00415326
0.827654 0.0186615 0.000927021 0.00124888 0.0158053 0.000607134 0.00154935 0.0161587 0.000818749 0.00418042
0.835248 0.0182011 0.000854592 0.00134124 0.0153489 0.000554429 0.00158812 0.0157966 0.000751095 0.00426919
0.842842 0.0177403 0.0008229 0.00136689 0.0148896 0.000478894 0.00167211 0.0154311 0.000620455 0.00429624
0.850435 0.0173283 0.000728243 0.00141022 0.014484 0.000446285 0.00171638 0.0151046 0.000548446 0.00430351
0.858029 0.0168828 0.000665055 0.0014525 0.0140442 0.000401107 0.00178845 0.0147455 0.000318593 0.00433062
0.865623 0.0164906 0.000629529 0.00148061 0.0136574 0.000400444 0.00183379 0.0144322 0.000283157 0.00424831
0.873217 0.0161003 0.000555815 0.00151349 0.0132694 0.000281658 0.00187581 0.0141165 0.000232094 0.00420465
0.88081 0.015717 0.000577019 0.00155451 0.0128887 0.000207496 0.00194171 0.013789 9.64904e-05 0.00421633
0.888404 0.0153743 0.000573648 0.00160218 0.0125531 0.000137774 0.00203307 0.0135021 0 0.00421015
0.895998 0.0150401 0.000539358 0.00167217 0.0122297 9.01678e-05 0.00209335 0.0132071 0 0.00416402
0.903592 0.0147012 0.000427153 0.00175217 0.0119008 2.02268e-05 0.00213232 0.0129229 -2.60652e-05 0.00414822
0.911185 0.0144078 0.000364356 0.00177515 0.0116176 4.95042e-05 0.00218316 0.0126732 -0.000110626 0.00411195
0.918779 0.0141269 0.000377666 0.0018434 0.0113479 -1.27571e-05 0.00226734 0.012437 -0.000210103 0.00406313
0.926373 0.013775 0.00037838 0.00184713 0.0110075 -8.51796e-05 0.00224784 0.0121389 -0.000195246 0.0040109
0.933967 0.0134877 0.000407396 0.00190319 0.0107337 -9.87279e-05 0.00232202 0.0119002 -0.000339872 0.00401122
0.94156 0.013174 0.000463884 0.00187532 0.010425 -8.71077e-05 0.00239493 0.011638 -0.000391262 0.00399279
0.949154 0.0128989 0.000495118 0.00193577 0.010157 -0.000137272 0.00240567 0.0114093 -0.00039399 0.00395195
0.956748 0.0126531 0.000485101 0.00197063 0.00991458 -0.000109925 0.00245308 0.0112065 -0.000397316 0.00388009
0.964342 0.0123883 0.000519459 0.0019711 0.00965653 -0.000109263 0.00249281 0.0109846 -0.000393222 0.00387414
0.971935 0.0121281 0.000488339 0.002005 0.00939501 -0.000125005 0.00251593 0.0107653 -0.000397202 0.00381573
0.979529 0.011876 0.00049795 0.00199558 0.00914936 -0.000152783 0.0025624 0.0105528 -0.000401052 0.00376293
0.987123 0.0116301 0.000460835 0.00199729 0.00890997 -0.000178006 0.00257543 0.0103457 -0.000405705 0.00372453
0.994717 0.0113745 0.000487908 0.0020665 0.0086552 -0.000199279 0.00262268 0.0101276 -0.000367801 0.00367795
1.00231 0.0111079 0.000507259 0.00204299 0.00739852 -0.000313606 0.00282589 0.00990054 -0.000366923 0.00369601
